0 train 1.0198590657750115 test 1.0027810675757272
0 0.6348884950895779
10 0.03771992956028615
20 0.022867461483253807
30 0.017467555742649757
40 0.015708216633953033
50 train 0.015048205623494798 test 0.015310620090791158
50 0.0150655366205534
60 0.014666089268981433
70 0.014322236836811558
80 0.013989605543921228
90 0.013637013519640829
100 train 0.013298574331231782 test 0.013720575054841382
100 0.013252442763721357
110 0.012889095750011389
120 0.012610604421647846
130 0.012400065518182816
140 0.012226454165504604
150 train 0.012119033679243971 test 0.0126453572884202
150 0.012076566560712994
160 0.011944944710760828
170 0.011828989309609914
180 0.011726906492573316
190 0.011636394137119667
200 train 0.011617172891121418 test 0.012121343719107764
200 0.011555128471284617
210 0.011481443481122861
220 0.011414455036159421
230 0.011353715429784821
240 0.011298758496881509
250 train 0.011310072188250354 test 0.01179641272340502
250 0.011248878096459343
260 0.011203200938027413
270 0.011160867151300439
280 0.011121151098584543
290 0.011083509788283558
300 train 0.011095860163818617 test 0.011568419236157621
300 0.011047578264088904
310 0.011013133924637661
320 0.010980069805241998
330 0.010948340087884763
340 0.010917918466520115
350 train 0.010922105860759 test 0.011385844621275152
350 0.01088876165754971
360 0.010860764390987451
370 0.010833615009657672
380 0.010807342109743689
390 0.010782209789899529
400 train 0.010780766438387457 test 0.011238098011485167
400 0.010758011418654293
410 0.010734594182767829
420 0.010711882614576425
430 0.010689955907034093
440 0.010668863359166957
450 train 0.010660430187451058 test 0.011108685683991228
450 0.010648603047259519
460 0.010629163551159572
470 0.010610530152916908
480 0.010592684699375122
490 0.010575603708991261
499 0.010560861773422508
