0 train 0.6087372947911747 test 0.6176992229052952
0 0.2391659557575085
10 0.018160044933195976
20 0.013146916465436826
30 0.011720524673334887
40 0.010921695819277256
50 train 0.010145393902527505 test 0.010698156963501657
50 0.010249591722595887
60 0.009701760699514483
70 0.009217620796722467
80 0.008804014456443122
90 0.008469031520615348
100 train 0.0080159263013572 test 0.008495099975594453
100 0.00820424087864698
110 0.007979383424962641
120 0.007782580552347859
130 0.0076107857367176505
140 0.0074519773899409626
150 train 0.0072038015732389 test 0.00766748416104487
150 0.007295499716076206
160 0.007155849315897852
170 0.0070281099818158355
180 0.0069083001647816335
190 0.0067998050696781425
200 train 0.006557641436391678 test 0.007003296632319689
200 0.006702096041169812
210 0.0066134872708897126
220 0.0065240687843351095
230 0.0064403059144244825
240 0.0063737077317887645
250 train 0.006210228954976211 test 0.0066586569882929325
250 0.006308902658094637
260 0.0062401836096751894
270 0.006180111517305257
280 0.0061226033178142835
290 0.006067729860422064
300 train 0.0058994750095317594 test 0.0063553134511624065
300 0.006016298922420037
310 0.0059663040685604835
320 0.0059193596549219165
330 0.005876990470302398
340 0.0058389598213624766
350 train 0.005691482487027762 test 0.0061580232078475615
350 0.0058046723410609315
360 0.0057663710207724185
370 0.005730542942087676
380 0.005695363483773392
390 0.0056628843341938785
400 train 0.005584802806804903 test 0.006077866801725966
400 0.005635634812785954
410 0.0056060976959520684
420 0.0055822297304746565
430 0.0055252371096342315
440 0.005501815209501102
450 train 0.005452229549772427 test 0.005964395856218678
450 0.005477480956765472
460 0.005459447528739445
470 0.0054274925610936085
480 0.0054044290216731256
490 0.0053784971232296995
500 train 0.005306678503507473 test 0.005818964713918311
500 0.005351740683688492
