0 train 0.5246778037704405 test 0.523020693234035
0 0.44401064661682627
10 0.03299900742827869
20 0.022434585926229836
30 0.018231237337726067
40 0.016732898846146513
50 train 0.01586374541225492 test 0.015967532460178648
50 0.0158489890030173
60 0.015208307516257295
70 0.014736052862078447
80 0.014358276669241365
90 0.014021814693925811
100 train 0.013663299931365936 test 0.013885128710951124
100 0.013734105546943477
110 0.013464082429399256
120 0.013243993026677702
130 0.013067704014724395
140 0.012909482019480134
150 train 0.012721560467950633 test 0.013076773711613246
150 0.012763733883983776
160 0.012625736245488534
170 0.012494730259307096
180 0.012367162578662888
190 0.012243826720924651
200 train 0.01207239702954644 test 0.01247772534510919
200 0.012127336786418665
210 0.012015741165788447
220 0.011905004361980274
230 0.011799493514489933
240 0.011708386624079258
250 train 0.011606946724970809 test 0.012024323988173689
250 0.011631045200419231
260 0.011561803367049968
270 0.011495703312217212
280 0.011438212449066952
290 0.011381721017179928
300 train 0.011313863617719197 test 0.011717115395835467
300 0.01132892655422453
310 0.011286013026828648
320 0.011234482521282846
330 0.011187443036402836
340 0.011139803153813863
350 train 0.011090094177815759 test 0.011493008583784103
350 0.01109401179385967
360 0.011050072987182219
370 0.011007920732019378
380 0.010963343160196405
390 0.010921464668067753
400 train 0.01088908783419699 test 0.011288709273295743
400 0.010876024386189023
410 0.010833069834797109
420 0.010790588334202766
430 0.010749088157517989
440 0.010708615763998423
450 train 0.010684923635276615 test 0.01108984462916851
450 0.010669043745662346
460 0.010630254481048857
470 0.010592187861682938
480 0.010554779794250355
490 0.010517932810500024
500 train 0.010505265373064846 test 0.010915050815258707
500 0.01048159837478497
