0 train 0.5748875094705248 test 0.5719176539003032
0 0.08087715608935343
10 0.021480856271945452
20 0.017607590590271945
30 0.015357857045385833
40 0.013924607913382997
50 train 0.013650116019512284 test 0.013754541666744507
50 0.0131452658571692
60 0.012698624791395664
70 0.012392469884330177
80 0.012163774216426409
90 0.011969801007805085
100 train 0.012808251305888344 test 0.012832551008115893
100 0.011820376375833629
110 0.011690455886347168
120 0.011592681860162124
130 0.011483840458972175
140 0.011436841648378193
150 train 0.012249522657876783 test 0.01227280039544383
150 0.011420414991172873
160 0.011437419233429055
170 0.011421618338081066
180 0.011359080375644239
190 0.011284571133828275
200 train 0.010613238622756573 test 0.010886623096741634
200 0.011219884417249425
210 0.011150079949963072
220 0.011108078782555124
230 0.011056896037587973
240 0.011012394538576626
250 train 0.010400316958660132 test 0.01069951247844896
250 0.010975267632054293
260 0.010943915946919428
270 0.010930857519070587
280 0.010878278847149154
290 0.010836373781785369
300 train 0.010195033865572554 test 0.010555961698752968
300 0.010805242877909658
310 0.010789174492046721
320 0.010769110790945028
330 0.010743434544116871
340 0.010722232894806115
350 train 0.01002699968066985 test 0.010427626044400139
350 0.010691365238266347
360 0.010662902038933531
370 0.010649258360164622
380 0.010630150507395603
390 0.010592824362030202
400 train 0.00996910700493186 test 0.01038169671385868
400 0.010585111563894516
410 0.010542492638979975
420 0.010528278684208477
430 0.010500745621369514
440 0.010464396731599476
450 train 0.009895138106426888 test 0.010292011188751417
450 0.010427547686522801
460 0.010398076306980691
470 0.010379468166581931
480 0.010348342264578234
490 0.010338072938531994
500 train 0.009847002665269864 test 0.010272216348436801
500 0.010318012850690787
