0 train 0.9430956427161008 test 0.9363235480164829
0 0.18217782323465567
10 0.026248922900054348
20 0.022093109126292067
30 0.020537271908299415
40 0.019463710255652973
50 train 0.02098686304756708 test 0.02052015646628729
50 0.018688393543053367
60 0.018251762674381472
70 0.017919025046604187
80 0.017619377788322126
90 0.017355346931017018
100 train 0.018692245588905802 test 0.018537952539141048
100 0.017175378741167025
110 0.017006946745972876
120 0.016848807623418532
130 0.016732790508173568
140 0.016647559656818998
150 train 0.017999677871806827 test 0.018007949581497335
150 0.01657788580991583
160 0.016510800248783795
170 0.016442471403111895
180 0.016383454674848495
190 0.016330996156695667
200 train 0.017743822358618808 test 0.01778791782331385
200 0.016282633415021463
210 0.016220406936928118
220 0.016178369687946697
230 0.016142372124069305
240 0.016106148277511438
250 train 0.017651747681729956 test 0.017640377433128553
250 0.01607299418418273
260 0.016044108604546636
270 0.016012211161990943
280 0.015957002554324856
290 0.015871390005037803
300 train 0.01727944186470816 test 0.017167883351036948
300 0.015765500918336926
310 0.015685307278221296
320 0.015616191169151347
330 0.015561908021830788
340 0.015512907796233178
350 train 0.017369074756534746 test 0.017131308182971934
350 0.015459557321426547
360 0.015418550072952288
370 0.015388650660983555
380 0.015357007960667706
390 0.015321512933029522
400 train 0.01761663366469542 test 0.01723503696489824
400 0.015290304835030988
410 0.015256343325695712
420 0.015230936691968714
430 0.015209630515254166
440 0.015190497044735423
450 train 0.01760200081928952 test 0.017127798308860766
450 0.015165535846329613
460 0.015147947624950886
470 0.015133805795451498
480 0.015121970006762303
490 0.015110445259081533
500 train 0.017590511218670193 test 0.01711009256541729
500 0.015101427437214512
